Country,SummerTimesPart,WinterTimesPart,TotalTimesPart,Tbronzemedal,Tsilvermedal,Tgoldmedal,TotalMedal,SummerTotal,WinterTotal
Afghanistan,14,0,14,2,0,0,2,2,0
Algeria,13,3,16,8,4,5,17,17,0
Argentina,24,19,43,28,25,21,74,74,0
Armenia,6,7,13,6,6,2,14,14,0
Australasia,2,0,2,5,4,3,12,12,0
Australia,26,19,45,192,168,152,512,497,15
Austria,27,24,51,123,114,82,319,87,232
Azerbaijan ,6,6,12,24,11,7,42,42,0
Bahamas,16,0,16,6,2,6,14,14,0
Bahrain,9,0,9,0,1,2,3,3,0
Barbados,12,0,12,1,0,0,1,1,0
Belarus,6,7,13,44,32,20,96,78,18
Belgium,26,21,47,58,55,41,154,148,6
Bermuda,18,8,26,1,0,0,1,1,0
Bohemia,3,0,3,3,1,0,4,4,0
Botswana,10,0,10,0,1,0,1,1,0
Brazil,22,8,30,63,36,30,129,129,0
British WestIndies,1,0,1,2,0,0,2,2,0
Bulgaria,20,20,40,83,89,52,224,218,6
Burundi,6,0,6,0,1,1,2,2,0
Cameroon,14,1,15,2,1,3,6,6,0
Canada,26,22,48,198,166,137,501,302,199
Chile,23,17,40,4,7,2,13,13,0
China,10,11,21,176,195,237,608,546,62
Colombia,19,2,21,14,9,5,28,28,0
Costa Rica,15,6,21,2,1,1,4,4,0
Ivory Coast,13,0,13,1,1,1,3,3,0
Croatia,7,8,15,13,16,15,44,33,11
Cuba,20,0,20,80,68,78,226,226,0
Cyprus,10,11,21,0,1,0,1,1,0
Czech Republic,6,7,13,35,28,24,87,56,31
Czechoslovakia,16,16,32,60,57,51,168,143,25
Denmark,27,14,41,75,75,45,195,194,1
Djibouti,8,0,8,1,0,0,1,1,0
Dominican Republic,14,0,14,2,2,3,7,7,0
Ecuador,14,1,15,0,1,1,2,2,0
Egypt,22,1,23,15,10,7,32,32,0
Eritrea,5,1,6,1,0,0,1,1,0
Estonia,12,10,22,17,11,13,41,34,7
Ethiopia,13,2,15,21,11,22,54,54,0
Fiji,14,3,17,0,0,1,1,1,0
Finland,25,24,49,178,148,144,470,303,167
France,28,22,51,316,276,248,840,716,124
Gabon,10,0,10,0,1,0,1,1,0
Georgia,6,7,13,17,7,8,32,32,0
Germany,16,12,28,290,282,283,855,615,240
UnitedTeamofGermany,3,3,6,41,60,36,137,118,19
East Germany,5,6,11,162,165,192,519,409,110
West Germany,5,6,11,94,82,67,243,204,39
Ghana,14,2,16,3,1,0,4,4,0
Great Britain,28,23,51,310,299,274,883,851,32
Greece,28,19,47,40,43,33,116,116,0
Grenada,9,0,9,0,1,1,2,2,0
Guatemala,14,1,15,0,1,0,1,1,0
Guyana,17,0,17,1,0,0,1,1,0
Haiti,15,0,15,1,1,0,2,2,0
Hong Kong,16,5,21,1,1,1,3,3,0
Hungary,26,24,50,173,149,176,498,491,7
Iceland,20,18,38,2,2,0,4,4,0
India,24,10,34,12,7,9,28,28,0
Indonesia,15,0,15,12,13,7,32,32,0
Iran,16,11,27,27,21,21,69,69,0
Iraq,14,0,14,1,0,0,1,1,0
Ireland,21,7,28,12,10,9,31,31,0
Israel,16,7,23,7,1,1,9,9,0
Italy,27,21,48,241,214,246,701,577,124
Jamaica,17,8,25,21,35,22,78,78,0
Japan,22,21,43,183,158,156,497,439,58
Jordan,10,0,10,0,0,1,1,1,0
Kazakhstan,6,7,13,32,24,16,72,64,8
Kenya,14,4,18,34,38,31,103,103,0
Kosovo,1,1,2,0,0,1,1,1,0
North Korea,10,9,19,23,17,16,56,54,2
South Korea,17,18,35,104,112,121,337,267,70
Kuwait,12,0,12,2,0,0,2,2,0
Kyrgyzstan,6,7,13,3,1,0,4,4,0
Latvia,11,11,22,10,14,4,28,19,9
Lebanon,17,17,34,2,2,0,4,4,0
Liechtenstein ,17,19,36,6,2,2,10,0,10
Lithuania,9,9,18,13,6,6,25,25,0
Luxembourg,23,9,32,0,3,1,4,2,2
Malaysia,13,1,14,4,7,0,11,11,0
Mauritius,9,0,9,1,0,0,1,1,0
Mexico,23,9,32,32,24,13,69,69,0
Moldova,6,7,13,3,2,0,5,5,0
Mongolia,13,14,27,14,10,2,26,26,0
Montenegro,3,3,6,0,1,0,1,1,0
Morocco,14,7,21,12,5,6,23,23,0
Mozambique,10,0,10,1,0,1,2,2,0
Namibia,7,0,7,0,4,0,4,4,0
Netherlands,26,21,47,149,136,130,415,285,130
Netherlands Antilles,13,2,15,0,1,0,1,1,0
New Zealand,23,16,39,46,28,46,120,117,3
Niger,12,0,12,1,1,0,2,2,0
Nigeria,16,1,17,12,10,3,25,25,0
orth Macedonia,6,6,12,1,0,0,1,1,0
Norway,25,23,48,158,174,188,520,152,368
Pakistan,17,3,20,4,3,3,10,10,0
Panama,17,0,17,2,0,1,3,3,0
Paraguay,12,1,13,0,1,0,1,1,0
Peru,18,2,20,0,3,1,4,4,0
Philippines,21,5,26,7,3,0,10,10,0
Poland,21,23,44,140,91,75,306,284,22
Portugal,24,8,32,12,8,4,24,24,0
Puerto Rico,18,7,25,6,2,1,9,9,0
Qatar,9,0,9,4,1,0,5,5,0
Romania,21,21,42,123,95,89,307,306,1
Russia,6,6,12,187,163,196,546,426,120
Russian Empire,3,0,3,3,4,1,8,8,0
Soviet Union,11,9,20,355,376,473,1204,1010,194
Unified Team,1,1,2,37,44,54,135,112,23
Russia,0,1,1,9,6,2,17,0,17
Saudi Arabia,11,0,11,2,1,0,3,3,0
Samoa,9,0,9,0,1,0,1,1,0
Senegal,14,5,19,0,1,0,1,1,0
Serbia,4,3,7,6,6,3,15,15,0
SerbiaandMontenegro,1,1,2,0,2,0,2,2,0
Singapore,16,1,17,2,2,1,5,5,0
Slovakia,6,7,13,8,16,12,36,28,8
Slovenia,7,8,15,20,13,7,40,23,17
South Africa,19,7,26,29,31,26,86,86,0
Spain,23,20,43,44,64,46,154,150,4
Sri Lanka,17,0,17,0,2,0,2,2,0
Sudan,12,0,12,0,1,0,1,1,0
Suriname,12,0,12,1,0,1,2,2,0
Sweden,27,22,50,234,216,202,652,494,158
Switzerland,28,21,51,119,120,106,345,192,153
Syria,13,0,13,1,1,1,3,3,0
Chinese Taipei,14,12,26,12,7,5,24,24,0
Tajikistan,6,4,10,2,1,1,4,4,0
Tanzania,13,0,13,0,2,0,2,2,0
Thailand,16,4,20,16,8,9,33,33,0
Togo,10,2,12,1,0,0,1,1,0
Tonga,9,2,11,0,1,0,1,1,0
TrinidadandTobago,17,3,20,11,5,3,19,19,0
Tunisia,14,0,14,7,2,4,13,13,0
Turkey,22,17,39,28,24,39,91,91,0
Uganda,15,0,15,2,3,2,7,7,0
Ukraine,6,7,13,60,31,37,128,120,8
UnitedArabEmirates,9,0,9,1,0,1,2,2,0
United States,27,23,50,794,907,1127,2828,2523,305
Uruguay,21,1,22,6,2,2,10,10,0
Uzbekistan,6,7,13,18,6,8,32,31,1
Venezuela,18,4,22,9,4,2,15,15,0
Vietnam,15,0,15,1,3,1,5,5,0
Virgin Islands,12,7,19,0,1,0,1,1,0
Yugoslavia,18,16,34,32,34,28,94,90,4
Zambia,13,0,13,1,1,0,2,2,0
Zimbabwe,13,0,1,4,3,8,15,1,14
